1.940170884132385254e+00 7.578034400939941406e+00
4.330235719680786133e-01 1.178649902343750000e+01
0.000000000000000000e+00 2.066521835327148438e+01
7.515908479690551758e-01 1.170616054534912109e+01
1.226629018783569336e+00 2.129216575622558594e+01
0.000000000000000000e+00 9.757012367248535156e+00
2.312709689140319824e-01 1.537150096893310547e+01
1.754219532012939453e+00 1.505336284637451172e+01
0.000000000000000000e+00 1.786987876892089844e+01
0.000000000000000000e+00 7.411912441253662109e+00
4.267959594726562500e+00 1.279813098907470703e+01
9.753990769386291504e-01 1.510604763031005859e+01
0.000000000000000000e+00 1.761634635925292969e+01
0.000000000000000000e+00 1.344162082672119141e+01
4.226868748664855957e-01 1.021430587768554688e+01
2.387279123067855835e-01 3.275606393814086914e+00
0.000000000000000000e+00 6.187148571014404297e+00
0.000000000000000000e+00 1.360415363311767578e+01
5.718366503715515137e-01 1.722915458679199219e+01
0.000000000000000000e+00 1.024091625213623047e+01
0.000000000000000000e+00 7.505181789398193359e+00
0.000000000000000000e+00 3.912701845169067383e+00
0.000000000000000000e+00 9.874958992004394531e+00
0.000000000000000000e+00 1.904379463195800781e+01
0.000000000000000000e+00 1.028626346588134766e+01
2.466469407081604004e-01 1.021927165985107422e+01
0.000000000000000000e+00 8.163132667541503906e+00
2.689648628234863281e+00 1.200630092620849609e+01
1.000680446624755859e+00 1.337358236312866211e+00
0.000000000000000000e+00 4.020435810089111328e+00
2.096484899520874023e+00 6.474427700042724609e+00
1.596596956253051758e+00 1.638075828552246094e+01
0.000000000000000000e+00 1.196344661712646484e+01
1.161929965019226074e-01 1.256602001190185547e+01
9.111595153808593750e-01 2.310968160629272461e+00
0.000000000000000000e+00 1.588790035247802734e+01
3.596437692642211914e+00 6.298529148101806641e+00
8.770889639854431152e-01 9.065465927124023438e+00
2.182365655899047852e-01 4.976510524749755859e+00
4.718079566955566406e-01 1.521707344055175781e+01
5.499215126037597656e-01 8.237872123718261719e+00
0.000000000000000000e+00 1.053388881683349609e+01
0.000000000000000000e+00 1.314825916290283203e+01
4.658519029617309570e-01 8.109263420104980469e+00
2.890574216842651367e+00 1.142613410949707031e+01
1.321454644203186035e+00 1.351802921295166016e+01
4.206761717796325684e-02 1.416230869293212891e+01
1.205312132835388184e+00 6.885955810546875000e+00
8.004884719848632812e-01 5.920418262481689453e+00
1.413199901580810547e+00 1.428204917907714844e+01
0.000000000000000000e+00 1.869491004943847656e+01
0.000000000000000000e+00 1.373424243927001953e+01
3.281152963638305664e+00 8.256543159484863281e+00
1.386055707931518555e+00 2.962369918823242188e+00
0.000000000000000000e+00 1.043708133697509766e+01
0.000000000000000000e+00 1.531418895721435547e+01
0.000000000000000000e+00 9.530178070068359375e+00
3.666405916213989258e+00 1.196785831451416016e+01
2.388457536697387695e+00 1.140235900878906250e+01
1.572696685791015625e+00 4.560547351837158203e+00
2.456850558519363403e-01 6.564652919769287109e+00
0.000000000000000000e+00 9.917455673217773438e+00
5.785710811614990234e-01 9.917377471923828125e+00
1.998672485351562500e-01 1.052309417724609375e+01
1.658227324485778809e+00 3.847418308258056641e+00
0.000000000000000000e+00 8.525045394897460938e+00
0.000000000000000000e+00 1.834180641174316406e+01
5.296332836151123047e-01 1.268783283233642578e+01
0.000000000000000000e+00 9.202746391296386719e+00
0.000000000000000000e+00 1.356146335601806641e+01
0.000000000000000000e+00 1.089116573333740234e+01
0.000000000000000000e+00 5.811451435089111328e+00
0.000000000000000000e+00 1.115399169921875000e+01
3.763559460639953613e-01 7.468691825866699219e+00
1.625348627567291260e-01 5.927359580993652344e+00
8.526785969734191895e-01 5.722248077392578125e+00
8.983348608016967773e-01 1.412971115112304688e+01
6.894084215164184570e-01 9.441428184509277344e+00
1.195518493652343750e+00 1.115553474426269531e+01
1.937583327293395996e+00 1.305804347991943359e+01
0.000000000000000000e+00 2.062150382995605469e+01
2.161485433578491211e+00 1.002245521545410156e+01
2.142925262451171875e+00 0.000000000000000000e+00
0.000000000000000000e+00 1.618239212036132812e+01
2.311738014221191406e+00 9.506716728210449219e+00
5.166968703269958496e-01 2.783667802810668945e+00
1.128251433372497559e+00 9.539343833923339844e+00
0.000000000000000000e+00 1.173759555816650391e+01
0.000000000000000000e+00 1.076873493194580078e+01
0.000000000000000000e+00 6.795933246612548828e+00
7.650044560432434082e-02 5.625051498413085938e+00
1.626242280006408691e+00 1.170399093627929688e+01
5.121631622314453125e-01 2.932215452194213867e+00
0.000000000000000000e+00 1.798224258422851562e+01
1.149827241897583008e-02 1.029918193817138672e+01
0.000000000000000000e+00 1.506504821777343750e+01
0.000000000000000000e+00 1.305402565002441406e+01
0.000000000000000000e+00 7.652421474456787109e+00
2.745054483413696289e+00 8.520316123962402344e+00
0.000000000000000000e+00 1.378550624847412109e+01
9.077577590942382812e-01 1.207240009307861328e+01
6.473107337951660156e-01 1.589605712890625000e+01
6.334815025329589844e-01 1.264763927459716797e+01
8.353870511054992676e-01 8.845631599426269531e+00
0.000000000000000000e+00 5.515678405761718750e+00
6.633982658386230469e-01 7.308295726776123047e+00
0.000000000000000000e+00 1.241905307769775391e+01
1.130436658859252930e+00 7.743664741516113281e+00
8.887788057327270508e-01 9.839795112609863281e+00
0.000000000000000000e+00 2.606910943984985352e+00
1.871766805648803711e+00 8.974494934082031250e+00
3.003631114959716797e+00 1.453671264648437500e+01
0.000000000000000000e+00 1.485499382019042969e+01
6.345510482788085938e-01 9.877501487731933594e+00
1.463249802589416504e+00 6.725934505462646484e+00
5.880658626556396484e-01 1.313521003723144531e+01
2.309489011764526367e+00 9.993039131164550781e+00
0.000000000000000000e+00 1.035022735595703125e+01
1.217565536499023438e+00 1.585289192199707031e+01
1.996587067842483521e-01 8.333125114440917969e+00
1.205656170845031738e+00 2.988313913345336914e+00
1.083587408065795898e-01 1.295315265655517578e+01
0.000000000000000000e+00 1.937992858886718750e+01
0.000000000000000000e+00 1.232200145721435547e+01
0.000000000000000000e+00 4.686514377593994141e+00
8.230001926422119141e-01 1.333549213409423828e+01
9.637641906738281250e-01 1.113218021392822266e+01
0.000000000000000000e+00 1.849254035949707031e+01
1.246868818998336792e-01 9.559458732604980469e+00
0.000000000000000000e+00 6.792585849761962891e+00
0.000000000000000000e+00 1.694275093078613281e+01
0.000000000000000000e+00 7.191466331481933594e+00
6.973923444747924805e-01 9.231663703918457031e+00
8.149709701538085938e-01 8.480936050415039062e+00
0.000000000000000000e+00 1.169514846801757812e+01
3.218765735626220703e+00 4.206762313842773438e+00
0.000000000000000000e+00 7.204844474792480469e+00
6.750048995018005371e-01 1.162706184387207031e+01
1.179217696189880371e+00 1.099498462677001953e+01
0.000000000000000000e+00 1.377735042572021484e+01
1.893655776977539062e+00 9.190803527832031250e+00
0.000000000000000000e+00 1.135348892211914062e+01
0.000000000000000000e+00 9.372970581054687500e+00
2.260019302368164062e+00 1.412257766723632812e+01
0.000000000000000000e+00 8.757300376892089844e+00
1.317052006721496582e+00 1.050869369506835938e+01
2.883694887161254883e+00 4.970129013061523438e+00
7.869973778724670410e-01 1.773482704162597656e+01
3.816815316677093506e-01 1.205439186096191406e+01
7.762417793273925781e-01 6.396553993225097656e+00
0.000000000000000000e+00 7.977649211883544922e+00
0.000000000000000000e+00 1.540916824340820312e+01
5.470477938652038574e-01 8.645668983459472656e+00
1.577095031738281250e+00 9.428057670593261719e+00
1.887015402317047119e-01 9.379347801208496094e+00
0.000000000000000000e+00 8.430883407592773438e+00
0.000000000000000000e+00 1.159405612945556641e+01
5.850496888160705566e-01 5.933074951171875000e+00
1.289615154266357422e+00 1.123648738861083984e+01
5.699710845947265625e-01 9.447466850280761719e+00
8.395265936851501465e-01 5.307111740112304688e+00
0.000000000000000000e+00 1.373917388916015625e+01
1.501850605010986328e+00 1.780961418151855469e+01
2.295704483985900879e-01 8.282217979431152344e+00
1.136647701263427734e+00 9.536806106567382812e+00
0.000000000000000000e+00 2.408575439453125000e+01
4.650467634201049805e-01 4.698409557342529297e+00
2.225342512130737305e+00 1.006534576416015625e+01
9.039031863212585449e-01 1.351954936981201172e+01
0.000000000000000000e+00 1.075724697113037109e+01
2.332646250724792480e-01 7.071138381958007812e+00
2.490146875381469727e+00 1.299360942840576172e+01
1.310963630676269531e+00 6.320460796356201172e+00
2.361061811447143555e+00 8.618813514709472656e+00
1.258173584938049316e-01 7.354555130004882812e+00
1.759906530380249023e+00 5.326541423797607422e+00
0.000000000000000000e+00 6.259801864624023438e+00
0.000000000000000000e+00 1.308308124542236328e+01
0.000000000000000000e+00 1.527259731292724609e+01
7.118751406669616699e-01 1.056836414337158203e+01
1.275432825088500977e+00 3.906373977661132812e+00
2.612149000167846680e+00 1.040610790252685547e+01
3.218605518341064453e+00 1.048748111724853516e+01
3.587989568710327148e+00 1.374823665618896484e+01
1.167526721954345703e+00 6.973228931427001953e+00
4.008922576904296875e-01 1.273596096038818359e+01
1.738771200180053711e+00 6.583299636840820312e+00
2.099761724472045898e+00 5.192728519439697266e+00
1.879895448684692383e+00 9.435189247131347656e+00
7.829196453094482422e-01 1.194141387939453125e+01
0.000000000000000000e+00 1.255552959442138672e+01
1.436948180198669434e+00 6.623391628265380859e+00
0.000000000000000000e+00 4.468567848205566406e+00
3.101512491703033447e-01 1.725481224060058594e+01
1.305236220359802246e+00 1.074874973297119141e+01
1.716893434524536133e+00 1.119934558868408203e+01
0.000000000000000000e+00 6.856890678405761719e+00
1.668580174446105957e+00 1.107485771179199219e+01
0.000000000000000000e+00 1.792996788024902344e+01
1.017967939376831055e+00 3.234125375747680664e+00
8.875782966613769531e+00 0.000000000000000000e+00
8.029536247253417969e+00 0.000000000000000000e+00
9.049762725830078125e+00 0.000000000000000000e+00
3.376461744308471680e+00 1.485523939132690430e+00
1.137743186950683594e+01 0.000000000000000000e+00
3.187891244888305664e+00 5.036216974258422852e-01
1.973311996459960938e+01 0.000000000000000000e+00
3.140195608139038086e+00 0.000000000000000000e+00
9.688458442687988281e+00 0.000000000000000000e+00
1.240209770202636719e+01 0.000000000000000000e+00
9.403145790100097656e+00 0.000000000000000000e+00
3.448461532592773438e+00 0.000000000000000000e+00
8.644397735595703125e+00 4.006676197052001953e+00
1.177079582214355469e+01 0.000000000000000000e+00
7.663092613220214844e+00 0.000000000000000000e+00
7.966227531433105469e+00 0.000000000000000000e+00
3.250424623489379883e+00 3.706711232662200928e-01
7.214900016784667969e+00 0.000000000000000000e+00
1.274476909637451172e+01 0.000000000000000000e+00
5.002395629882812500e+00 0.000000000000000000e+00
7.347008705139160156e+00 1.906092047691345215e+00
9.722373962402343750e+00 0.000000000000000000e+00
1.121733188629150391e+01 0.000000000000000000e+00
4.833197593688964844e+00 0.000000000000000000e+00
3.280039072036743164e+00 0.000000000000000000e+00
7.163971900939941406e+00 0.000000000000000000e+00
6.308329582214355469e+00 0.000000000000000000e+00
6.960758209228515625e+00 7.552285194396972656e-01
3.674583196640014648e+00 0.000000000000000000e+00
1.413947486877441406e+01 0.000000000000000000e+00
7.492793083190917969e+00 0.000000000000000000e+00
5.590323448181152344e+00 0.000000000000000000e+00
9.757658004760742188e+00 0.000000000000000000e+00
7.069088935852050781e+00 2.591785430908203125e+00
1.447195529937744141e+01 0.000000000000000000e+00
9.318565368652343750e+00 0.000000000000000000e+00
7.695796012878417969e+00 0.000000000000000000e+00
9.987834930419921875e+00 0.000000000000000000e+00
8.078223228454589844e+00 0.000000000000000000e+00
4.393401145935058594e+00 2.161130189895629883e+00
4.023668289184570312e+00 2.573450803756713867e+00
7.628939628601074219e+00 2.338673114776611328e+00
1.346429157257080078e+01 0.000000000000000000e+00
1.912266731262207031e+01 0.000000000000000000e+00
3.558460712432861328e+00 1.328814387321472168e+00
1.444304466247558594e+01 0.000000000000000000e+00
2.825371503829956055e+00 0.000000000000000000e+00
4.537993431091308594e+00 4.978403747081756592e-01
1.262300205230712891e+01 0.000000000000000000e+00
1.013587093353271484e+01 0.000000000000000000e+00
5.619892120361328125e+00 4.599501609802246094e+00
6.184863090515136719e+00 2.065794229507446289e+00
7.079910278320312500e+00 0.000000000000000000e+00
7.176267623901367188e+00 1.254651784896850586e+00
8.678253173828125000e+00 0.000000000000000000e+00
6.749875068664550781e+00 0.000000000000000000e+00
2.273252487182617188e+00 0.000000000000000000e+00
3.826035022735595703e+00 0.000000000000000000e+00
1.036252212524414062e+01 0.000000000000000000e+00
4.169183731079101562e+00 0.000000000000000000e+00
1.074073600769042969e+01 0.000000000000000000e+00
4.386837959289550781e+00 0.000000000000000000e+00
8.300300598144531250e+00 0.000000000000000000e+00
7.744785308837890625e+00 0.000000000000000000e+00
4.321693420410156250e+00 0.000000000000000000e+00
8.358727455139160156e+00 0.000000000000000000e+00
1.095627593994140625e+01 0.000000000000000000e+00
2.854931592941284180e+00 6.715669631958007812e-01
4.997784614562988281e+00 0.000000000000000000e+00
7.201317787170410156e+00 5.803636908531188965e-01
1.029717063903808594e+01 0.000000000000000000e+00
3.121087789535522461e+00 0.000000000000000000e+00
1.846693801879882812e+01 0.000000000000000000e+00
5.570711135864257812e+00 0.000000000000000000e+00
8.192891120910644531e+00 0.000000000000000000e+00
3.547271013259887695e+00 5.189391374588012695e-01
5.804931640625000000e+00 1.762368917465209961e+00
6.812870979309082031e+00 5.578151226043701172e+00
4.301968574523925781e+00 2.149366617202758789e+00
6.434866905212402344e+00 3.930930376052856445e+00
8.322103500366210938e+00 0.000000000000000000e+00
9.819490432739257812e+00 0.000000000000000000e+00
6.969673156738281250e+00 1.610702514648437500e+00
7.982121467590332031e+00 1.989503145217895508e+00
5.423755645751953125e+00 6.101189613342285156e+00
7.079760551452636719e+00 0.000000000000000000e+00
4.401287078857421875e+00 3.075127303600311279e-01
5.682795524597167969e+00 4.507608413696289062e+00
7.628554344177246094e+00 0.000000000000000000e+00
8.375547409057617188e+00 1.010614186525344849e-01
7.620931625366210938e+00 3.945326566696166992e+00
1.029062747955322266e+01 0.000000000000000000e+00
7.286681175231933594e+00 2.053148984909057617e+00
7.759491920471191406e+00 0.000000000000000000e+00
1.651314163208007812e+01 0.000000000000000000e+00
4.140555381774902344e+00 0.000000000000000000e+00
1.104326248168945312e+01 0.000000000000000000e+00
4.724494934082031250e+00 0.000000000000000000e+00
1.306338691711425781e+01 0.000000000000000000e+00
1.046258640289306641e+01 0.000000000000000000e+00
5.764531135559082031e+00 3.247738122940063477e+00
6.003525733947753906e+00 0.000000000000000000e+00
6.542419433593750000e+00 0.000000000000000000e+00
2.712134599685668945e+00 0.000000000000000000e+00
1.205525970458984375e+01 0.000000000000000000e+00
5.092866897583007812e+00 1.216042160987854004e+00
9.439950942993164062e+00 5.470162868499755859e+00
6.866021156311035156e+00 0.000000000000000000e+00
5.492436408996582031e+00 9.492163658142089844e-01
8.014066696166992188e+00 1.732775449752807617e+00
3.586501598358154297e+00 0.000000000000000000e+00
5.033535957336425781e+00 1.425175666809082031e-01
4.999774932861328125e+00 1.821773529052734375e+00
7.888435363769531250e+00 0.000000000000000000e+00
1.505824661254882812e+01 0.000000000000000000e+00
5.186027526855468750e+00 0.000000000000000000e+00
7.914631843566894531e+00 3.592152595520019531e-01
4.492255210876464844e+00 1.737109422683715820e+00
1.245545673370361328e+01 0.000000000000000000e+00
6.673736572265625000e+00 2.517085313796997070e+00
3.583409786224365234e+00 3.962397202849388123e-02
1.209416961669921875e+01 0.000000000000000000e+00
7.506389617919921875e+00 5.741812229156494141e+00
6.598303794860839844e+00 1.056125879287719727e+00
1.092109107971191406e+01 0.000000000000000000e+00
9.581656455993652344e+00 3.046022891998291016e+00
7.172494888305664062e+00 0.000000000000000000e+00
3.116568803787231445e+00 0.000000000000000000e+00
2.417231798171997070e+00 0.000000000000000000e+00
8.264328956604003906e+00 0.000000000000000000e+00
5.046116828918457031e+00 0.000000000000000000e+00
1.382602500915527344e+01 0.000000000000000000e+00
1.419867897033691406e+01 0.000000000000000000e+00
1.114685249328613281e+01 0.000000000000000000e+00
9.251056671142578125e+00 0.000000000000000000e+00
4.659274101257324219e+00 2.638974666595458984e+00
7.513046264648437500e+00 4.160337150096893311e-01
1.165156745910644531e+01 0.000000000000000000e+00
6.840995788574218750e+00 0.000000000000000000e+00
1.604241561889648438e+01 0.000000000000000000e+00
3.904385089874267578e+00 2.930440187454223633e+00
6.165636062622070312e+00 0.000000000000000000e+00
7.280222892761230469e+00 0.000000000000000000e+00
6.583084106445312500e+00 1.736900657415390015e-01
7.026941299438476562e+00 1.439339518547058105e+00
6.762488365173339844e+00 2.472009658813476562e+00
6.445918083190917969e+00 0.000000000000000000e+00
1.389739036560058594e+01 0.000000000000000000e+00
2.215934944152832031e+01 0.000000000000000000e+00
1.419519424438476562e+01 0.000000000000000000e+00
1.023354339599609375e+01 0.000000000000000000e+00
7.363380432128906250e+00 5.944582939147949219e+00
3.318352460861206055e+00 1.284882187843322754e+00
1.765039443969726562e+00 2.829074144363403320e+00
3.217461585998535156e+00 1.074760317802429199e+00
2.396078824996948242e+00 0.000000000000000000e+00
9.782635688781738281e+00 0.000000000000000000e+00
4.655288696289062500e+00 0.000000000000000000e+00
7.544465065002441406e+00 0.000000000000000000e+00
6.516047477722167969e+00 0.000000000000000000e+00
4.313055992126464844e+00 0.000000000000000000e+00
5.837279319763183594e+00 0.000000000000000000e+00
3.556859493255615234e+00 0.000000000000000000e+00
1.130037689208984375e+01 0.000000000000000000e+00
1.298044395446777344e+01 0.000000000000000000e+00
8.165023803710937500e+00 0.000000000000000000e+00
8.737072944641113281e+00 0.000000000000000000e+00
1.156652164459228516e+01 0.000000000000000000e+00
1.197614097595214844e+01 0.000000000000000000e+00
1.136443233489990234e+01 0.000000000000000000e+00
1.413995265960693359e+01 0.000000000000000000e+00
1.544365119934082031e+01 0.000000000000000000e+00
6.900059700012207031e+00 3.488466501235961914e+00
8.490165710449218750e+00 0.000000000000000000e+00
1.444820594787597656e+01 0.000000000000000000e+00
6.515094757080078125e+00 4.160662367939949036e-02
4.544625282287597656e+00 1.510602951049804688e+00
7.200385093688964844e+00 7.721406221389770508e-01
9.705451965332031250e+00 0.000000000000000000e+00
8.435291290283203125e+00 0.000000000000000000e+00
2.767344713211059570e+00 0.000000000000000000e+00
6.305555343627929688e+00 0.000000000000000000e+00
8.230922698974609375e+00 6.584616899490356445e-01
5.004559516906738281e+00 3.150579214096069336e+00
4.370785713195800781e+00 4.008541107177734375e+00
3.239080190658569336e+00 1.237820237874984741e-01
1.042559337615966797e+01 4.754776477813720703e+00
5.749969482421875000e+00 0.000000000000000000e+00
1.075445365905761719e+01 1.387339830398559570e+00
4.141083717346191406e+00 0.000000000000000000e+00
1.865703964233398438e+01 0.000000000000000000e+00
6.220143318176269531e+00 1.692733764648437500e+00
1.480868625640869141e+01 0.000000000000000000e+00
1.029542064666748047e+01 0.000000000000000000e+00
1.649526023864746094e+01 4.514379501342773438e+00
6.512297630310058594e+00 0.000000000000000000e+00
1.003961849212646484e+01 2.114767581224441528e-01
9.768007278442382812e+00 0.000000000000000000e+00
5.705344200134277344e+00 0.000000000000000000e+00
6.944295883178710938e+00 4.581887274980545044e-03
